[Dir]
Jw_win=C:\Users\acps\Documents\srdc\srdc_ksh\
[Show]
Keta=0.####
[Teniryo]
Min=0.001
[Enkosu]
Min=3
Max=9
[Kamiai]
Max=60
[Saikeisan]
HasakiHamoto=0
[Kirisage]
DaiHa=0
[EdmSokutei]
EdmSoku=0
[Shogen]
Haguruma=0
X=20
Y=0
[SaiHyoji]
Kidou=0
HaSyuButton=1
SizeButton=0
[EnkoNagasa]
Min=0
[CornerR]
Hasaki=0
Hazoko=0
[Save]
Method=1
[Load]
Dxf=0
[Unit]
Size=0
[Moji]
Haba=4
Bet=1
[Teni]
Yusen=1
[TenOp]
Flag=0
Value=0.1
Kosu=180
Radio=0
[Data]
TDblEdit46=0
TDblEdit47=0
TDblEdit48=0
TDblEdit49=0
TDblEdit50=0
TDblEdit51=0
TDblEdit52=0
TDblEdit53=0
TDblEdit59=6
TDblEdit60=0
TDblEdit61=34.1684827788159
TDblEdit62=0
TDblEdit63=5.6228728522583
TDblEdit64=0
TDblEdit72=3.75306264715701
TDblEdit73=3.14159265358979
TDblEdit74=2.68793312412867
TDblEdit75=0
TDblEdit76=3.75168614015142
TDblEdit77=0
TDblEdit78=2.04400905025069
TDblEdit79=0
TDblEdit91=0.42
TDblEdit92=0
TDblEdit95=2
TDblEdit96=20
TDblEdit97=40
TDblEdit98=0
TDblEdit99=0.42
TDblEdit100=0.42
TDblEdit101=0
TDblEdit102=0.84
TDblEdit103=0
TDblEdit104=0
TDblEdit105=0
TDblEdit106=0
TDblEdit107=0
TDblEdit108=0
TDblEdit109=0
TDblEdit110=80
TDblEdit111=0
TDblEdit112=75.1754096628727
TDblEdit113=0
TDblEdit114=83.9178
TDblEdit115=0
TDblEdit116=76.68
TDblEdit117=0
TDblEdit118=2
TDblEdit119=1.16
TDblEdit120=1.66
TDblEdit121=2.5
TDblEdit122=3.66
TDblEdit123=6.28318530717959
TDblEdit124=5.9042628681871
TDblEdit129=51.3363308702385
TDblEdit131=45.6734033291272
