[Dir]
Jw_win=C:\Users\acps\Documents\srdc\srdc_ksh\
[Show]
Keta=0.####
[Teniryo]
Min=0.001
[Enkosu]
Min=3
Max=9
[Kamiai]
Max=60
[Saikeisan]
HasakiHamoto=0
[Kirisage]
DaiHa=0
[EdmSokutei]
EdmSoku=0
[Shogen]
Haguruma=0
X=20
Y=0
[SaiHyoji]
Kidou=0
HaSyuButton=1
SizeButton=0
[EnkoNagasa]
Min=0
[CornerR]
Hasaki=0
Hazoko=0
[Save]
Method=1
[Load]
Dxf=0
[Unit]
Size=0
[Moji]
Haba=4
Bet=1
[Teni]
Yusen=1
[TenOp]
Flag=0
Value=0.1
Kosu=180
Radio=0
[Data]
TDblEdit46=0
TDblEdit47=0
TDblEdit48=0
TDblEdit49=0
TDblEdit50=0
TDblEdit51=0
TDblEdit52=0
TDblEdit53=0
TDblEdit59=2
TDblEdit60=0
TDblEdit61=2.45823181254927
TDblEdit62=0
TDblEdit63=2.07166187475536
TDblEdit64=0
TDblEdit72=0.98558179224386
TDblEdit73=0.785398163397448
TDblEdit74=14.1174192651282
TDblEdit75=0
TDblEdit76=0.975639457745127
TDblEdit77=0
TDblEdit78=0.560404188465365
TDblEdit79=0
TDblEdit91=0.55
TDblEdit92=0
TDblEdit95=0.5
TDblEdit96=20
TDblEdit97=8
TDblEdit98=0
TDblEdit99=0.55
TDblEdit100=0.55
TDblEdit101=0
TDblEdit102=0.275
TDblEdit103=0
TDblEdit104=0
TDblEdit105=0
TDblEdit106=0
TDblEdit107=0
TDblEdit108=0
TDblEdit109=0
TDblEdit110=4
TDblEdit111=0
TDblEdit112=3.75877048314363
TDblEdit113=0
TDblEdit114=5
TDblEdit115=0
TDblEdit116=3.3
TDblEdit117=0
TDblEdit118=0.5
TDblEdit119=0.225
TDblEdit120=0.35
TDblEdit121=0.625
TDblEdit122=0.85
TDblEdit123=1.5707963267949
TDblEdit124=1.47606571704677
TDblEdit129=1252.1283813877
TDblEdit131=253.251839970787
