[Dir]
Jw_win=C:\Users\acps\Documents\srdc\srdc_ksh\
[Show]
Keta=0.####
[Teniryo]
Min=0.001
[Enkosu]
Min=3
Max=9
[Kamiai]
Max=60
[Saikeisan]
HasakiHamoto=0
[Kirisage]
DaiHa=0
[EdmSokutei]
EdmSoku=0
[Shogen]
Haguruma=0
X=20
Y=0
[SaiHyoji]
Kidou=0
HaSyuButton=1
SizeButton=0
[EnkoNagasa]
Min=0
[CornerR]
Hasaki=0
Hazoko=0
[Save]
Method=1
[Load]
Dxf=0
[Unit]
Size=0
[Moji]
Haba=4
Bet=1
[Teni]
Yusen=1
[TenOp]
Flag=0
Value=0.1
Kosu=180
Radio=0
[Data]
TDblEdit46=0
TDblEdit47=0
TDblEdit48=0
TDblEdit49=0
TDblEdit50=0
TDblEdit51=0
TDblEdit52=0
TDblEdit53=0
TDblEdit59=7
TDblEdit60=0
TDblEdit61=20.0291866938579
TDblEdit62=0
TDblEdit63=7.16666666666666
TDblEdit64=0
TDblEdit72=1.5707963267949
TDblEdit73=1.5707963267949
TDblEdit74=1.5
TDblEdit75=0
TDblEdit76=1.57061689847239
TDblEdit77=0
TDblEdit78=1.01028025073328
TDblEdit79=0
TDblEdit91=0
TDblEdit92=0
TDblEdit95=1
TDblEdit96=20
TDblEdit97=60
TDblEdit98=0
TDblEdit99=0
TDblEdit100=0
TDblEdit101=0
TDblEdit102=0
TDblEdit103=0
TDblEdit104=0
TDblEdit105=0
TDblEdit106=0
TDblEdit107=0
TDblEdit108=0
TDblEdit109=0
TDblEdit110=60
TDblEdit111=0
TDblEdit112=56.3815572471545
TDblEdit113=0
TDblEdit114=61.97171766
TDblEdit115=0
TDblEdit116=57.5
TDblEdit117=0
TDblEdit118=1
TDblEdit119=1
TDblEdit120=1.25
TDblEdit121=1.25
TDblEdit122=2.25
TDblEdit123=3.14159265358979
TDblEdit124=2.95213143409355
TDblEdit129=28.1239181378923
TDblEdit131=38.0067157521971
