[Dir]
Jw_win=C:\Users\muzho\Documents\srdc\srdc_2\involute\データ\
[Show]
Keta=0.####
[Teniryo]
Min=0.001
[Enkosu]
Min=3
Max=9
[Kamiai]
Max=60
[Saikeisan]
HasakiHamoto=0
[Kirisage]
DaiHa=0
[EdmSokutei]
EdmSoku=0
[Shogen]
Haguruma=0
X=20
Y=0
[SaiHyoji]
Kidou=0
HaSyuButton=1
SizeButton=0
[EnkoNagasa]
Min=0
[CornerR]
Hasaki=0
Hazoko=0
[Save]
Method=1
[Load]
Dxf=0
[Unit]
Size=0
[Moji]
Haba=4
Bet=1
[Teni]
Yusen=1
[TenOp]
Flag=0
Value=0.1
Kosu=180
Radio=0
[Data]
TDblEdit46=0
TDblEdit47=0
TDblEdit48=0
TDblEdit49=0
TDblEdit50=0
TDblEdit51=0
TDblEdit52=0
TDblEdit53=0
TDblEdit59=2
TDblEdit60=0
TDblEdit61=4.87607067550839
TDblEdit62=0
TDblEdit63=2.21927003440159
TDblEdit64=0
TDblEdit72=1.89836953763448
TDblEdit73=1.5707963267949
TDblEdit74=10.8768562462657
TDblEdit75=0
TDblEdit76=1.88698780372076
TDblEdit77=0
TDblEdit78=1.08982492601819
TDblEdit79=0
TDblEdit91=0.45
TDblEdit92=0
TDblEdit95=1
TDblEdit96=20
TDblEdit97=10
TDblEdit98=0
TDblEdit99=0.45
TDblEdit100=0.45
TDblEdit101=0
TDblEdit102=0.45
TDblEdit103=0
TDblEdit104=0
TDblEdit105=0
TDblEdit106=0
TDblEdit107=0
TDblEdit108=0
TDblEdit109=0
TDblEdit110=10
TDblEdit111=0
TDblEdit112=9.39692620785909
TDblEdit113=0
TDblEdit114=12.8671
TDblEdit115=0
TDblEdit116=8.4
TDblEdit117=0
TDblEdit118=1
TDblEdit119=0.55
TDblEdit120=0.8
TDblEdit121=1.25
TDblEdit122=1.8
TDblEdit123=3.14159265358979
TDblEdit124=2.95213143409355
TDblEdit129=0.883966370455496
TDblEdit131=6.30275278769942
