[Dir]
Jw_win=C:\Users\acps\Documents\srdc\srdc_ksh\involute\
[Show]
Keta=0.####
[Teniryo]
Min=0.001
[Enkosu]
Min=3
Max=9
[Kamiai]
Max=60
[Saikeisan]
HasakiHamoto=0
[Kirisage]
DaiHa=0
[EdmSokutei]
EdmSoku=0
[Shogen]
Haguruma=0
X=20
Y=0
[SaiHyoji]
Kidou=0
HaSyuButton=1
SizeButton=1
[EnkoNagasa]
Min=0
[CornerR]
Hasaki=0
Hazoko=0
[Save]
Method=1
[Load]
Dxf=0
[Unit]
Size=0
[Moji]
Haba=4
Bet=1
[Teni]
Yusen=1
[TenOp]
Flag=0
Value=0.1
Kosu=180
Radio=0
[Data]
TDblEdit46=0
TDblEdit47=0
TDblEdit48=0
TDblEdit49=0
TDblEdit50=0
TDblEdit51=0
TDblEdit52=0
TDblEdit53=0
TDblEdit59=9
TDblEdit60=0
TDblEdit61=13.1067801763974
TDblEdit62=0
TDblEdit63=9.38888888888889
TDblEdit64=0
TDblEdit72=0.785398163397448
TDblEdit73=0.785398163397448
TDblEdit74=1.125
TDblEdit75=0
TDblEdit76=0.785347698425132
TDblEdit77=0
TDblEdit78=0.503855190358704
TDblEdit79=0
TDblEdit91=0
TDblEdit92=0
TDblEdit95=0.5
TDblEdit96=20
TDblEdit97=80
TDblEdit98=0
TDblEdit99=0
TDblEdit100=0
TDblEdit101=0
TDblEdit102=0
TDblEdit103=0
TDblEdit104=0
TDblEdit105=0
TDblEdit106=0
TDblEdit107=0
TDblEdit108=0
TDblEdit109=0
TDblEdit110=40
TDblEdit111=0
TDblEdit112=37.5877048314363
TDblEdit113=0
TDblEdit114=41
TDblEdit115=0
TDblEdit116=38.75
TDblEdit117=0
TDblEdit118=0.5
TDblEdit119=0.5
TDblEdit120=0.625
TDblEdit121=0.625
TDblEdit122=1.125
TDblEdit123=1.5707963267949
TDblEdit124=1.47606571704677
TDblEdit129=1252.1283813877
TDblEdit131=253.251839970787
