[Dir]
Jw_win=C:\Users\muzho\Documents\srdc\srdc_2\involute\データ\
[Show]
Keta=0.####
[Teniryo]
Min=0.001
[Enkosu]
Min=3
Max=9
[Kamiai]
Max=60
[Saikeisan]
HasakiHamoto=0
[Kirisage]
DaiHa=0
[EdmSokutei]
EdmSoku=0
[Shogen]
Haguruma=0
X=20
Y=0
[SaiHyoji]
Kidou=0
HaSyuButton=1
SizeButton=0
[EnkoNagasa]
Min=0
[CornerR]
Hasaki=0
Hazoko=0
[Save]
Method=1
[Load]
Dxf=0
[Unit]
Size=0
[Moji]
Haba=4
Bet=1
[Teni]
Yusen=1
[TenOp]
Flag=0
Value=0.1
Kosu=180
Radio=0
[Data]
TDblEdit46=0
TDblEdit47=0
TDblEdit48=0
TDblEdit49=0
TDblEdit50=0
TDblEdit51=0
TDblEdit52=0
TDblEdit53=0
TDblEdit59=2
TDblEdit60=0
TDblEdit61=9.75214135101678
TDblEdit62=0
TDblEdit63=2.21927003440159
TDblEdit64=0
TDblEdit72=3.79673907526896
TDblEdit73=3.14159265358979
TDblEdit74=10.8768562462657
TDblEdit75=0
TDblEdit76=3.77397560744153
TDblEdit77=0
TDblEdit78=2.17964985203638
TDblEdit79=0
TDblEdit91=0.45
TDblEdit92=0
TDblEdit95=2
TDblEdit96=20
TDblEdit97=10
TDblEdit98=0
TDblEdit99=0.45
TDblEdit100=0.45
TDblEdit101=0
TDblEdit102=0.9
TDblEdit103=0
TDblEdit104=0
TDblEdit105=0
TDblEdit106=0
TDblEdit107=0
TDblEdit108=0
TDblEdit109=0
TDblEdit110=20
TDblEdit111=0
TDblEdit112=18.7938524157182
TDblEdit113=0
TDblEdit114=25.70558855
TDblEdit115=0
TDblEdit116=16.8
TDblEdit117=0
TDblEdit118=2
TDblEdit119=1.1
TDblEdit120=1.6
TDblEdit121=2.5
TDblEdit122=3.6
TDblEdit123=6.28318530717959
TDblEdit124=5.9042628681871
TDblEdit129=3.53504541767175
TDblEdit131=12.5924366329239
