[Dir]
Jw_win=C:\Users\acps\Documents\srdc\srdc_ksh\
[Show]
Keta=0.####
[Teniryo]
Min=0.001
[Enkosu]
Min=3
Max=9
[Kamiai]
Max=60
[Saikeisan]
HasakiHamoto=0
[Kirisage]
DaiHa=0
[EdmSokutei]
EdmSoku=0
[Shogen]
Haguruma=0
X=20
Y=0
[SaiHyoji]
Kidou=0
HaSyuButton=1
SizeButton=0
[EnkoNagasa]
Min=0
[CornerR]
Hasaki=0
Hazoko=0
[Save]
Method=1
[Load]
Dxf=0
[Unit]
Size=0
[Moji]
Haba=4
Bet=1
[Teni]
Yusen=1
[TenOp]
Flag=0
Value=0.1
Kosu=180
Radio=0
[Data]
TDblEdit46=0
TDblEdit47=0
TDblEdit48=0
TDblEdit49=0
TDblEdit50=0
TDblEdit51=0
TDblEdit52=0
TDblEdit53=0
TDblEdit59=2
TDblEdit60=0
TDblEdit61=9.7110989338177
TDblEdit62=0
TDblEdit63=2.18578627672345
TDblEdit64=0
TDblEdit72=3.75306264715701
TDblEdit73=3.14159265358979
TDblEdit74=10.7517324965147
TDblEdit75=0
TDblEdit76=3.73107486062217
TDblEdit77=0
TDblEdit78=2.17555242794241
TDblEdit79=0
TDblEdit91=0.42
TDblEdit92=0
TDblEdit95=2
TDblEdit96=20
TDblEdit97=10
TDblEdit98=0
TDblEdit99=0.42
TDblEdit100=0.42
TDblEdit101=0
TDblEdit102=0.84
TDblEdit103=0
TDblEdit104=0
TDblEdit105=0
TDblEdit106=0
TDblEdit107=0
TDblEdit108=0
TDblEdit109=0
TDblEdit110=20
TDblEdit111=0
TDblEdit112=18.7938524157182
TDblEdit113=0
TDblEdit114=24
TDblEdit115=0
TDblEdit116=16.68
TDblEdit117=0
TDblEdit118=2
TDblEdit119=1.16
TDblEdit120=1.66
TDblEdit121=2.5
TDblEdit122=3.66
TDblEdit123=6.28318530717959
TDblEdit124=5.9042628681871
TDblEdit129=25.3792992384118
TDblEdit131=36.2429672301219
